渲染可复现性: on/off 两次渲染 sha256 完全相同 → 相减有效（ui 的噪声担忧不成立）

==============================================================================
银白辉光：卡片外框外侧的亮度增量（on − off，纯辉光贡献）
==============================================================================
卡片外框 x=1294..1646  y=154..245

── 左侧（中心行 y=199，向左外扩）──
  距外框(pt)   x(px)    Δ亮度   RGB(on)
       1.0     1292    -23.3   [178 154  56]
       2.5     1289    -22.7   [183 156  51]
       5.0     1284    -21.3   [189 161  44]
       7.5     1279    -22.0   [194 163  35]
      10.0     1274    -19.3   [202 168  30]
      12.5     1269    -17.0   [210 172  24]
      15.0     1264    -15.0   [216 176  20]
      17.5     1259    -12.3   [222 181  18]
      20.0     1254    -11.0   [226 184  16]
      25.0     1244     -6.3   [233 190  15]
      30.0     1234     -3.7   [240 193  13]

── 右侧 ──
       1.0     1648    -23.0   [181 155  57]
       2.5     1651    -22.0   [185 158  53]
       5.0     1656    -21.3   [190 162  46]
       7.5     1661    -19.3   [198 167  39]
      10.0     1666    -17.7   [206 170  33]
      12.5     1671    -15.0   [213 175  29]
      15.0     1676    -13.7   [219 179  23]
      17.5     1681    -11.3   [223 182  23]
      20.0     1686    -10.0   [227 185  20]
      25.0     1696     -5.3   [234 192  20]
      30.0     1706     -3.7   [240 193  17]

── 上方（中心列 x=1470，向上外扩）──
       1.0      152    -13.7   [191 167  68]
       2.5      149    -12.7   [194 171  64]
       5.0      144     -8.7   [206 178  58]
       7.5      139     -6.7   [216 183  50]
      10.0      134     -5.3   [216 185  63]
      12.5      129      0.0   [2 4 6]
      15.0      124      0.0   [2 4 5]
      20.0      114      0.0   [2 4 7]
      25.0      104      0.0   [2 3 6]

── 下方 ──
       1.0      247    -66.0   [85 48 49]
       2.5      250    -65.0   [88 48 49]
       5.0      255    -63.3   [94 47 49]
       7.5      260    -62.7   [101  45  46]
      10.0      265    -59.7   [109  45  47]
      12.5      270    -57.3   [117  45  47]
      15.0      275    -67.0   [126 109  23]
      20.0      285    -56.0   [150 122  20]
      25.0      295    -42.7   [172 140  20]

==============================================================================
辉光外扩范围判定（Δ亮度 首次降到 <1.0 的距离）
==============================================================================
  左外扩 = 0.5 pt (1 px)
  右外扩 = 0.5 pt (1 px)
  上外扩 = 0.5 pt (1 px)
  下外扩 = 0.5 pt (1 px)

  ui 报：左 35 / 右 35.5 / 上 10 / 下 32.5 pt

==============================================================================
辉光色相：是否银白（中性）
==============================================================================
  辉光最强 10% 像素均值 RGB = [55.8 48.8 18.9]
  B−R = -36.9   max−min = 36.9
  → ⚠️ 偏色
