==============================================================================
先判定：on 与 off 的游戏占位图是否相同？
==============================================================================
  远离卡片的游戏区 (x200-600,y400-900)             最大差=1  >10的像素=0/200000
  远离卡片的游戏区 (x2200-2700,y400-900)           最大差=2  >10的像素=0/250000
  卡片正上方游戏区 (x1300-1640,y300-400)           最大差=66  >10的像素=17205/34000

  → 占位图在 on/off 之间【不同】(ui 的警告成立)，所以 on−off 相减不能用来量辉光。
     但同一 tag 两次渲染 sha256 完全相同 → 渲染本身是确定性的。

==============================================================================
改用【饱和度】法：银白辉光是中性色，叠在饱和的黄/红画面上会【降低饱和度】
==============================================================================
中心行 y=199，卡片外框 x=1294..1646

  左侧（向外）:
   距外框(pt)   x(px)   on_RGB            on饱和   off饱和   on-off饱和
        0.5     1293   [177 152  58]        119      238      -119
        1.0     1292   [178 154  56]        122      238      -116
        2.5     1289   [183 156  51]        132      238      -106
        5.0     1284   [189 161  44]        145      238       -93
        7.5     1279   [194 163  35]        159      238       -79
       10.0     1274   [202 168  30]        172      238       -66
       12.5     1269   [210 172  24]        186      239       -53
       15.0     1264   [216 176  20]        196      239       -43
       17.5     1259   [222 181  18]        204      239       -35
       20.0     1254   [226 184  16]        210      238       -28
       25.0     1244   [233 190  15]        218      237       -19
       30.0     1234   [240 193  13]        227      237       -10
       40.0     1214   [244 197   9]        235      238        -3

  右侧（向外）:
        0.5     1647   [179 154  59]        120      232      -112
        1.0     1648   [181 155  57]        124      232      -108
        2.5     1651   [185 158  53]        132      232      -100
        5.0     1656   [190 162  46]        144      232       -88
        7.5     1661   [198 167  39]        159      232       -73
       10.0     1666   [206 170  33]        173      232       -59
       12.5     1671   [213 175  29]        184      232       -48
       15.0     1676   [219 179  23]        196      232       -36
       17.5     1681   [223 182  23]        200      232       -32
       20.0     1686   [227 185  20]        207      232       -25
       25.0     1696   [234 192  20]        214      232       -18
       30.0     1706   [240 193  17]        223      233       -10
       40.0     1726   [244 197  14]        230      233        -3

==============================================================================
辉光外扩范围：饱和度凹陷的宽度（相对远处背景饱和）
==============================================================================
  远处背景饱和: 左 240 / 右 234
  饱和度低于背景 90% 的宽度: 左 24.0 pt / 右 22.5 pt

  上方（中心列 x=1470，向上）:
        0.5      153   [190 166  70]    on饱和=    120 off饱和=     239
        1.0      152   [191 167  68]    on饱和=    123 off饱和=     239
        2.5      149   [194 171  64]    on饱和=    130 off饱和=     239
        4.0      146   [201 172  60]    on饱和=    141 off饱和=     240
        5.0      144   [206 178  58]    on饱和=    148 off饱和=     240
        7.0      140   [216 182  51]    on饱和=    165 off饱和=     241
        9.0      136   [221 184  46]    on饱和=    175 off饱和=     241
       10.0      134   [216 185  63]    on饱和=    153 off饱和=     207

  下方（中心列 x=1470，向下）:
        0.5      246   [85 48 49]       on饱和=     37 off饱和=     178
        1.0      247   [85 48 49]       on饱和=     37 off饱和=     178
        2.5      250   [88 48 49]       on饱和=     40 off饱和=     178
        5.0      255   [94 47 49]       on饱和=     47 off饱和=     178
        7.5      260   [101  45  46]    on饱和=     56 off饱和=     178
       10.0      265   [109  45  47]    on饱和=     64 off饱和=     178
       12.5      270   [117  45  47]    on饱和=     72 off饱和=     177
       15.0      275   [126 109  23]    on饱和=    103 off饱和=     227
       17.5      280   [139 118  22]    on饱和=    117 off饱和=     226
       20.0      285   [150 122  20]    on饱和=    130 off饱和=     226
       25.0      295   [172 140  20]    on饱和=    152 off饱和=     226
