==============================================================================
1) 辉光：沿水平线读亮度剖面（卡片左右外侧应有渐降的亮环）
==============================================================================
  行 y=199，卡片外框 x=1294..1646

  x(px)   x(pt)    on亮度   off亮度   on-off
    1174   587.0     151.3     151.3      0.0
    1184   592.0     151.3     151.3      0.0
    1194   597.0     151.0     151.7     -0.7
    1204   602.0     150.7     151.3     -0.7
    1214   607.0     150.0     152.0     -2.0
    1224   612.0     149.0     152.0     -3.0
    1234   617.0     148.7     152.3     -3.7
    1244   622.0     146.0     152.3     -6.3
    1254   627.0     142.0     153.0    -11.0
    1264   632.0     137.3     152.3    -15.0
    1274   637.0     133.3     152.7    -19.3
    1284   642.0     131.3     152.7    -21.3
    1294   647.0     172.0     152.7     19.3
    1636   818.0      49.3     153.7   -104.3
    1646   823.0     130.0     153.7    -23.7
    1656   828.0     132.7     154.0    -21.3
    1666   833.0     136.3     154.0    -17.7
    1676   838.0     140.3     154.0    -13.7
    1686   843.0     144.0     154.0    -10.0
    1696   848.0     148.7     154.0     -5.3
    1706   853.0     150.0     153.7     -3.7
    1716   858.0     152.3     153.7     -1.3
    1726   863.0     151.7     153.7     -2.0
    1736   868.0     152.3     153.7     -1.3
    1746   873.0     153.0     153.7     -0.7
    1756   878.0     153.7     153.7      0.0
    1766   883.0     153.7     153.7      0.0

  判据：若卡片有辉光，紧贴外框的像素应比远处背景更亮（on 图自身剖面呈凸起）
    左侧: 紧邻(644.0pt)=130.6  远处(587.0pt)=151.3  差=-20.8
    右侧: 紧邻(826.0pt)=131.9  远处(883.0pt)=153.6  差=-21.7

==============================================================================
2) 辉光：垂直剖面（卡片上下外侧）
==============================================================================
  x=1470，卡片外框 y=154..245
  y(px)   y(pt)    on亮度   off亮度   on-off
      94    47.0      13.3      13.3      0.0
      99    49.5      13.3      13.3      0.0
     104    52.0       3.7       3.7      0.0
     109    54.5       4.0       4.0      0.0
     114    57.0       4.3       4.3      0.0
     119    59.5       4.0       4.0      0.0
     124    62.0       3.7       3.7      0.0
     129    64.5       4.0       4.0      0.0
     134    67.0     154.7     160.0     -5.3
     139    69.5     149.7     156.3     -6.7
     144    72.0     147.3     156.0     -8.7
     149    74.5     143.0     155.7    -12.7
     154    77.0     177.7     155.3     22.3
     240   120.0      27.3     126.3    -99.0
     245   122.5     162.7     126.3     36.3
     250   125.0      61.7     126.7    -65.0
     255   127.5      63.3     126.7    -63.3
     260   130.0      64.0     126.7    -62.7
     265   132.5      67.0     126.7    -59.7
     270   135.0      69.7     127.0    -57.3
     275   137.5      86.0     153.0    -67.0
     280   140.0      93.0     153.3    -60.3
     285   142.5      97.3     153.3    -56.0
     290   145.0     104.0     153.3    -49.3
     295   147.5     110.7     153.3    -42.7
     300   150.0     117.0     153.0    -36.0
     305   152.5     120.7     153.0    -32.3
     310   155.0     124.7     153.0    -28.3

==============================================================================
3) 辉光色相：是否「银白」（中性，B−R 接近 0）
==============================================================================
  环带像素数: 30148 ; 最亮5% 均值 RGB = [226.3 190.7  49.8]
  B−R = -176.5 ; max−min = 176.5
  → ⚠️ 有偏色
  ui 报辉光峰值 RGB≈(144,146,150) B−R=−3

==============================================================================
4) off 图卡片区域：是否 100% 游戏画面
==============================================================================
  区域 151x432 = 65232 px
  on/off 差异 >30 的像素: 59149 (90.67%)
  off 图【外框内部】银白描边像素: 0 / 10677
  → ✅ 卡片完全消失，无空框残留

==============================================================================
5) 对比度（WCAG 2.x 公式，独立计算）
==============================================================================
  文字色(最亮0.5%均值) = [237.4 239.6 243.6]
  实测卡片底色(中位)     = [68. 67. 51.]
  WCAG 对比度(实测底色)  = 8.74 : 1  → ✅ 过 AA(4.5)

  半透明合成模型（scrim=0x05080F, alpha=0.78）:
    纯黑(0,0,0)              合成=[ 3.9  6.2 11.7]       对比度=17.67:1  ✅
    游戏暗部(60,60,60)         合成=[17.1 19.4 24.9]       对比度=16.16:1  ✅
    灰(128,128,128)         合成=[32.1 34.4 39.9]       对比度=13.83:1  ✅
    游戏亮部(200,200,200)      合成=[47.9 50.2 55.7]       对比度=11.16:1  ✅
    纯白(255,255,255)        合成=[60.  62.3 67.8]       对比度= 9.30:1  ✅
    真机黄底(241,195,15)       合成=[56.9 49.1 15. ]       对比度=11.30:1  ✅

  ui 报：深底 11.1 / 亮底 9.2 / 真机黄底 8.5
  验证方实测：见上（数值口径可能因取样点不同略有差异）
